1000 10 0.1 1000 128 0 0
1000 10 0.1 1000 128 2 0
1000 10 0.1 1000 128 10 0
1000 10 0.1 1000 128 25 0 
1000 10 0.1 1000 128 50 0
1000 10 0.1 1000 128 75 0
1000 10 0.1 1000 128 100 0
1000 10 0.1 1000 128 2 1
1000 10 0.1 1000 128 10 1
1000 10 0.1 1000 128 25 1 
1000 10 0.1 1000 128 50 1
1000 10 0.1 1000 128 75 1
1000 10 0.1 1000 128 100 1
1000 10 0.1 1000 128 2 2
1000 10 0.1 1000 128 10 2
1000 10 0.1 1000 128 25 2 
1000 10 0.1 1000 128 50 2
1000 10 0.1 1000 128 75 2
1000 10 0.1 1000 128 100 2
1000 10 0.1 1000 128 2 3
1000 10 0.1 1000 128 10 3
1000 10 0.1 1000 128 25 3 
1000 10 0.1 1000 128 50 3
1000 10 0.1 1000 128 75 3
1000 10 0.1 1000 128 100 3
1000 10 0.1 1000 128 2 4
1000 10 0.1 1000 128 10 4
1000 10 0.1 1000 128 25 4 
1000 10 0.1 1000 128 50 4
1000 10 0.1 1000 128 75 4
1000 10 0.1 1000 128 100 4
